Cd_cyl: 1.1
Cd_sph: 0.47
I_extra: 0.0003479425340638801
g: 9.80665
l_1: 0.6
l_2: 0.6082762530298219
l_b: 0.3144
m_b: 0.14326482445163133
m_d: 40
m_j: 0.01
m_p: 0.012
r_1: 0.0125
r_2: 0.001
r_a: 0.0167005
r_b: 0.05
r_j: 0.01
r_p: 0.014
rho_1: 0.2990010808054086
rho_2: 0.0001
rho_air: 1.225
